5.160999999999999943e+01 5.465999999999999659e+01 5.622999999999999687e+01 5.160999999999999943e+01 4.709000000000000341e+01 3.982000000000000028e+01
4.925000000000000000e+01 5.185999999999999943e+01 4.389999999999999858e+01 4.925000000000000000e+01 4.492000000000000171e+01 5.411999999999999744e+01
5.003000000000000114e+01 4.596000000000000085e+01 5.125000000000000000e+01 5.003000000000000114e+01 4.528000000000000114e+01 5.982999999999999829e+01
4.325000000000000000e+01 5.354999999999999716e+01 4.867000000000000171e+01 4.325000000000000000e+01 5.585000000000000142e+01 5.535000000000000142e+01
5.071000000000000085e+01 5.364999999999999858e+01 5.325000000000000000e+01 5.071000000000000085e+01 4.503999999999999915e+01 5.054999999999999716e+01
5.978000000000000114e+01 3.828000000000000114e+01 5.343999999999999773e+01 5.978000000000000114e+01 4.278000000000000114e+01 5.347999999999999687e+01
4.539999999999999858e+01 4.746999999999999886e+01 0.000000000000000000e+00 4.539999999999999858e+01 4.677000000000000313e+01 0.000000000000000000e+00
4.675999999999999801e+01 1.929999999999999938e+00 7.580000000000000071e+00 4.675999999999999801e+01 1.929999999999999938e+00 7.580000000000000071e+00
3.556000000000000227e+01 4.711999999999999744e+01 5.328000000000000114e+01 3.556000000000000227e+01 3.028000000000000114e+01 4.271000000000000085e+01
3.546000000000000085e+01 3.792000000000000171e+01 3.211999999999999744e+01 3.546000000000000085e+01 3.080000000000000071e+01 4.720000000000000284e+01
3.936999999999999744e+01 3.039000000000000057e+01 4.399000000000000199e+01 3.936999999999999744e+01 2.998999999999999844e+01 3.650999999999999801e+01
3.370000000000000284e+01 2.307999999999999829e+01 4.059000000000000341e+01 3.370000000000000284e+01 4.625999999999999801e+01 3.335999999999999943e+01
4.128000000000000114e+01 4.175999999999999801e+01 3.089999999999999858e+00 4.128000000000000114e+01 3.360000000000000142e+01 3.089999999999999858e+00
4.568999999999999773e+01 0.000000000000000000e+00 0.000000000000000000e+00 4.568999999999999773e+01 0.000000000000000000e+00 0.000000000000000000e+00
4.392000000000000171e+01 3.032000000000000028e+01 4.342000000000000171e+01 4.392000000000000171e+01 4.867999999999999972e+01 4.767000000000000171e+01
5.021999999999999886e+01 4.799000000000000199e+01 5.886999999999999744e+01 5.021999999999999886e+01 4.295000000000000284e+01 4.811999999999999744e+01
5.238000000000000256e+01 4.692999999999999972e+01 5.196999999999999886e+01 5.238000000000000256e+01 4.468999999999999773e+01 5.172999999999999687e+01
4.165999999999999659e+01 4.142999999999999972e+01 4.875999999999999801e+01 4.165999999999999659e+01 3.489999999999999858e+01 4.842000000000000171e+01
4.889000000000000057e+01 4.924000000000000199e+01 3.529999999999999805e+00 4.889000000000000057e+01 4.614999999999999858e+01 3.529999999999999805e+00
4.500999999999999801e+01 1.750000000000000000e+00 1.409999999999999920e+00 4.500999999999999801e+01 1.750000000000000000e+00 1.409999999999999920e+00
4.417000000000000171e+01 4.985000000000000142e+01 3.123000000000000043e+01 4.417000000000000171e+01 4.222999999999999687e+01 4.543999999999999773e+01
4.168999999999999773e+01 4.545000000000000284e+01 4.272999999999999687e+01 4.168999999999999773e+01 5.389000000000000057e+01 4.078999999999999915e+01
5.403999999999999915e+01 3.911999999999999744e+01 3.229999999999999716e+01 5.403999999999999915e+01 3.069000000000000128e+01 5.139000000000000057e+01
3.867999999999999972e+01 4.260999999999999943e+01 0.000000000000000000e+00 3.867999999999999972e+01 4.582000000000000028e+01 0.000000000000000000e+00
3.893999999999999773e+01 0.000000000000000000e+00 0.000000000000000000e+00 3.893999999999999773e+01 0.000000000000000000e+00 0.000000000000000000e+00
3.157000000000000028e+01 5.310999999999999943e+01 5.557999999999999829e+01 3.157000000000000028e+01 5.009000000000000341e+01 5.665999999999999659e+01
6.904999999999999716e+01 5.117000000000000171e+01 6.442000000000000171e+01 6.904999999999999716e+01 5.078000000000000114e+01 3.929999999999999716e+01
4.489000000000000057e+01 5.742000000000000171e+01 3.943999999999999773e+01 4.489000000000000057e+01 5.171999999999999886e+01 4.943999999999999773e+01
6.576999999999999602e+01 5.171999999999999886e+01 3.929999999999999716e+01 6.576999999999999602e+01 5.742000000000000171e+01 6.442000000000000171e+01
4.917000000000000171e+01 5.339999999999999858e+01 4.943999999999999773e+01 4.917000000000000171e+01 6.385000000000000142e+01 3.943999999999999773e+01
